Population | WanderSpeed | ViewRange | BreedCooldown
30 20.00314 29.54058 42.08877
30 20.00314 29.54058 42.08877
30 20.00314 29.54058 42.08877
30 20.00314 29.54058 42.08877
30 20.00314 29.54058 42.08877
30 20.00314 29.54058 42.08877
30 20.00314 29.54058 42.08877
36 19.93972 29.68175 42.00124
56 19.94609 29.99938 42.00481
60 19.94157 30.01875 41.90907
60 19.94157 30.01875 41.90907
60 19.94157 30.01875 41.90907
60 19.94157 30.01875 41.90907
60 19.94157 30.01875 41.90907
60 19.94157 30.01875 41.90907
72 20.00825 30.16996 41.74873
93 19.91268 30.06962 41.77534
116 19.91113 30.13024 41.80817
120 19.93502 30.15315 41.85262
120 19.93502 30.15315 41.85262
120 19.93502 30.15315 41.85262
120 19.93502 30.15315 41.85262
121 19.93024 30.16982 41.82894
141 19.91107 30.22548 41.89699
170 19.90351 30.10762 42.01532
202 19.92981 30.11286 41.80085
226 19.92295 30.13173 41.79833
228 19.90315 30.15854 41.88122
225 19.90413 30.15376 41.8764
222 19.89272 30.15052 41.86403
222 19.89737 30.13689 41.88042
235 19.88431 30.11391 41.90774
255 19.84167 29.97966 41.91189
297 19.81489 29.99734 42.0736
311 19.83462 29.91633 41.99446
319 19.84968 29.91421 42.00586
306 19.86975 29.91675 42.0067
293 19.8769 29.95729 42.00836
274 19.87922 29.90484 42.03296
279 19.85568 29.91082 42.03186
289 19.83197 29.86393 42.15153
330 19.87947 29.93509 42.13232
366 19.91372 29.93454 42.05235
376 19.91704 29.96703 42.06491
367 19.9156 29.96442 42.0438
349 19.92098 29.99854 42.06461
323 19.98185 30.02066 42.02273
298 19.99613 30.02365 41.91703
307 20.03162 30.10063 41.90538
345 20.05009 30.04061 41.88046
394 20.10984 30.08443 41.89388
407 20.12399 30.09262 41.95333
404 20.13318 30.08425 42.00313
383 20.13134 30.11717 42.01347
353 20.16557 30.13393 41.95182
344 20.12074 30.09564 41.88885
331 20.12737 30.15557 41.97497
357 20.10903 30.21553 41.97687
403 20.11025 30.16478 41.89068
440 20.11951 30.1529 41.98826
435 20.10572 30.09426 42.01144
421 20.08167 30.07168 42.04115
380 20.06437 30.11608 42.0876
360 20.00762 30.14616 42.11086
349 19.99702 30.1694 42.04273
366 19.96303 30.1573 42.07826
408 19.99407 30.11696 42.01535
439 20.00221 30.08982 41.99746
459 19.98494 30.0721 41.97255
443 19.98646 30.0569 41.99923
413 19.98833 30.04046 41.92863
385 19.94111 30.06651 41.8802
366 19.94648 30.01922 41.88307
385 19.95008 30.00285 41.84267
424 19.96829 30.06103 41.84507
451 19.93184 30.0021 41.79402
474 19.92041 30.01139 41.78464
479 19.94324 30.00017 41.75199
454 19.91293 29.98862 41.73147
404 19.87881 30.00652 41.81206
393 19.86861 30.00522 41.86639
392 19.8747 30.00291 41.85689
422 19.88077 29.98922 41.84779
473 19.88814 29.97114 41.80269
494 19.92116 29.99525 41.83698
493 19.92092 29.98464 41.84159
471 19.89029 29.96235 41.80888
448 19.88312 30.0018 41.85511
424 19.89395 30.01361 41.92358
407 19.92423 30.06367 42.01097
439 19.93092 30.01729 41.93655
468 19.94425 30.10082 41.91036
504 19.94526 30.02976 41.94286
509 19.96341 30.02598 41.90022
497 19.98781 30.04175 41.92004
470 20.00467 30.05022 41.93854
434 19.99131 30.01868 41.94579
416 19.99385 29.97768 41.97975
433 19.99805 30.03945 42.04095
460 20.00588 30.04539 42.024
503 20.03091 30.02792 41.97578
529 20.0654 29.97837 41.95595
523 20.03393 29.96633 41.95562
504 20.02239 29.96828 42.02071
467 20.01144 29.94749 42.06261
450 20.03308 29.96421 42.04873
441 20.0414 30.01905 42.07351
473 20.07929 30.00729 41.99551
513 20.09067 29.97671 42.05143
528 20.09357 30.01187 42.10801
539 20.09578 30.0222 42.14939
522 20.08586 29.98172 42.1248
478 20.09088 29.98215 42.10403
454 20.05979 30.04067 42.15655
460 20.05184 29.99826 42.157
485 20.02347 29.97753 42.10476
507 20.03 29.99785 42.0925
534 20.05053 29.98964 42.16066
553 20.04457 29.95752 42.17105
536 20.01203 29.96503 42.20301
513 19.98849 30.02682 42.22469
481 19.96055 30.00532 42.21851
470 19.95611 30.03336 42.12161
484 19.98829 30.01834 42.18999
507 19.98308 29.95432 42.13472
531 20.00302 29.9572 42.13723
557 19.98011 29.94496 42.14791
555 19.98814 29.96641 42.14008
528 19.96658 29.9791 42.15803
496 19.97864 30.02035 42.14513
492 19.97959 29.99826 42.12495
486 19.9568 30.01679 42.04112
520 19.98535 30.0186 42.05319
543 19.98803 29.997 42.02796
567 20.01171 29.98163 42.05185
580 20.00829 29.92111 42.05354
564 20.00346 29.93225 42.06377
535 20.00552 29.94593 42.06062
515 20.00884 29.95769 42.07312
520 20.00667 29.95352 42.07529
524 20.00108 29.95734 42.0394
543 20.00999 29.95691 42.03654
558 20.00208 29.95639 41.99593
581 20.01111 30.00525 42.05012
578 20.00454 29.97776 41.95208
556 20.00437 29.97939 41.92706
537 19.99224 30.02051 41.94893
526 19.98728 30.04078 41.95195
522 19.9667 30.05988 41.98428
547 20.00635 30.01416 41.92742
570 20.03906 29.99922 41.91562
592 20.03358 30.01796 41.94501
596 20.03375 30.01149 41.9827
579 20.05075 30.01186 41.9653
534 20.06424 29.99112 41.99358
529 20.04686 29.99711 41.98218
539 20.0394 29.9531 41.97496
557 20.05738 29.97968 41.99367
573 20.05858 29.91335 42.05519
592 20.04554 29.93103 42.02853
594 20.07169 29.93024 41.99786
587 20.08067 29.95746 42.03716
558 20.0405 29.95815 42.06718
547 19.99021 29.95555 42.06649
541 19.98753 29.99355 42.03922
548 19.96291 29.97925 41.98193
571 19.94982 30.00211 41.91597
593 19.94934 30.00019 41.9518
610 19.96322 29.99004 41.88652
589 19.97106 29.93508 41.86593
575 19.93201 29.97482 41.84013
565 19.92534 29.98537 41.84022
551 19.89917 29.95919 41.82748
561 19.91874 30.02056 41.85104
576 19.93794 30.0298 41.86924
589 19.94908 30.05404 41.85625
605 19.96502 30.0318 41.81485
610 19.98272 30.04617 41.86323
600 20.00394 30.05906 41.87817
584 20.00118 30.0234 41.89233
579 19.98886 30.02882 41.93993
576 19.97155 30.07719 41.99807
573 19.97348 30.04278 41.95278
594 19.96082 30.06723 42.03112
616 19.98953 30.13161 42.03532
620 19.97493 30.13669 42.06203
612 19.93606 30.14186 41.99679
597 19.90471 30.11939 42.03182
568 19.91971 30.1527 42.04581
574 19.89594 30.13348 42.04467
584 19.93418 30.13808 42.10201
600 19.94644 30.10949 42.05837
627 19.96703 30.09021 41.93972
629 19.95144 30.07423 41.93666
624 20.01837 30.05547 41.99369
605 19.98463 30.06675 41.99094
598 19.98819 30.04543 41.962
588 20.00192 29.98476 41.91295
595 20.02632 29.95868 41.8673
605 20.0491 29.95103 41.89254
628 20.03941 29.926 41.90097
632 20.03728 29.92281 41.94995
637 20.02032 29.93457 41.93688
624 20.01074 29.96845 41.98019
610 19.98355 29.9488 42.03452
601 19.98239 29.93342 42.10568
608 19.96922 29.90933 42.08302
617 19.94668 29.91084 42.01702
635 19.96762 29.97103 42.03632
637 19.98124 29.95621 42.08366
643 20.0018 30.00112 42.06781
628 19.98376 30.00617 42.01331
611 19.95614 30.0411 42.03726
600 19.96358 30.04333 42.04947
618 19.96046 30.01314 42.05015
632 19.94509 30.0371 41.99737
637 19.97854 30.03079 42.01474
653 19.9784 30.08677 42.03167
654 19.99189 30.07721 42.09403
646 19.99183 30.08889 42.05928
625 19.9953 30.11417 42.02889
622 19.98734 30.0965 42.02296
621 19.99099 30.08382 42.08616
622 19.98289 30.03729 42.06503
636 19.98249 29.95732 42.09639
644 19.99258 29.91921 42.13224
656 19.99535 29.94913 42.11016
657 20.01772 29.97376 42.06984
645 20.04407 29.96991 42.07621
637 20.03383 29.98357 42.02398
627 20.03253 29.96664 42.00946
618 20.02989 30.01636 41.98234
629 20.04212 30.05636 41.98863
659 20.04217 30.07129 42.01907
660 20.04149 30.02135 41.91769
671 20.04163 30.01697 41.96183
654 20.05023 30.01277 42.00916
649 20.04593 30.07042 42.04082
640 20.04442 30.03261 42.01903
636 20.02789 30.0333 41.96582
636 20.01424 29.9918 41.93471
649 20.00344 30.00703 42.00498
658 19.96516 29.97421 42.01149
669 19.97427 29.95991 42.02893
660 19.96054 29.96556 41.97189
651 19.93915 29.94433 41.93642
657 19.96992 29.98716 42.00548
653 19.92384 29.98796 42.04635
645 19.9383 29.9472 42.12506
653 19.91573 29.98675 42.08771
669 19.90837 30.02749 42.1436
686 19.90367 29.9766 42.11301
665 19.93027 30.00978 42.17113
656 19.902 30.00257 42.1787
656 19.90459 29.9694 42.15236
658 19.91248 29.98638 42.16333
647 19.92637 29.98775 42.22205
660 19.9493 29.96611 42.20906
661 19.94722 29.97494 42.13507
682 19.96729 29.96595 42.1262
684 19.96911 29.92111 42.09795
671 19.9603 29.92749 42.11378
665 19.96463 29.8829 42.01496
650 19.99559 29.86598 42.01695
654 19.97806 29.90094 42.01917
654 19.98516 29.86561 41.9459
672 19.99582 29.88731 42.00087
682 20.00255 29.89038 41.94941
688 20.01523 29.91237 41.91246
688 20.01547 29.92206 41.90826
686 20.00252 29.91642 41.9289
672 19.98732 29.87218 41.95382
664 20.02088 29.90753 41.94878
671 20.0036 29.93025 41.94699
682 20.03725 29.90133 41.9483
693 20.04649 29.91702 41.92801
701 20.04774 29.91384 41.97435
703 20.04416 29.93676 42.0082
685 20.06118 29.92671 42.00785
683 20.05068 29.93157 42.01881
691 20.03209 29.92866 42.03489
683 19.99816 29.92427 42.00768
691 20.01189 29.93913 42.02088
712 20.04289 29.91225 42.01624
703 20.03704 29.95668 41.99332
715 20.03261 29.99264 42.02021
698 20.01416 30.00563 41.99795
693 20.02133 29.97398 42.01824
675 20.02688 30.02572 42.06255
688 20.03084 30.02771 42.06133
683 20.00388 30.04221 42.02419
710 19.97422 29.98664 42.03555
719 19.98234 29.94012 42.04988
707 20.00822 29.94835 42.08233
707 20.01031 29.97809 42.06688
698 20.00039 29.98041 42.06649
684 19.9884 29.94677 42.11026
687 19.99634 29.91736 42.09454
690 20.01951 29.90381 42.11523
696 20.00974 29.93373 42.04116
702 20.01491 29.90115 41.98927
718 20.00103 29.96779 41.99691
721 20.01082 29.93046 41.99342
710 20.02553 29.97338 42.00203
692 20.03025 30.0213 41.96908
702 20.0304 30.01572 41.96059
703 19.99869 30.00527 41.94202
715 19.991 30.01615 41.95911
727 19.99165 29.99123 41.95413
726 20.02732 29.97873 41.94872
729 20.00891 29.98611 41.95523
714 20.02947 30.0235 41.99651
704 20.03815 29.97915 42.02447
708 20.05301 29.91298 42.02335
707 20.06089 29.94537 42.03996
708 20.06552 29.93252 42.04281
711 20.06145 29.91459 42.06263
717 20.07362 29.89961 42.05981
731 20.0967 29.93983 42.02098
729 20.10869 29.94934 42.01842
723 20.0963 29.94096 41.98079
709 20.0874 29.94869 41.93715
713 20.11502 29.95221 41.92825
710 20.08717 29.91806 41.90427
726 20.06989 29.96958 41.89791
732 20.05169 29.99604 41.84407
736 20.02619 29.99036 41.79887
735 20.01197 29.9842 41.7608
730 20.01901 29.97228 41.7882
722 20.02229 29.98593 41.79793
714 20.01674 29.99643 41.83696
715 19.99708 29.98978 41.87819
723 19.98659 29.97151 41.94162
744 19.98133 30.00298 41.94001
742 19.9504 30.01034 41.98671
753 19.93086 30.02468 41.9579
734 19.94443 30.01599 42.00713
728 19.94983 30.0489 42.07053
728 19.95058 30.06963 42.04721
725 19.9577 30.06741 42.05367
729 19.94167 30.0937 42.03899
753 19.94456 30.09981 42.00731
741 19.93139 30.106 41.95712
743 19.91712 30.08722 41.95025
745 19.90101 30.10769 41.96058
726 19.89039 30.07036 41.94079
735 19.93976 30.0545 41.91109
733 19.93105 30.04712 41.90297
726 19.90541 30.05654 41.91212
752 19.88368 30.0934 41.95227
767 19.90398 30.07185 41.9469
768 19.9081 30.08798 41.9904
760 19.90062 30.1082 42.00049
743 19.89976 30.07719 42.06047
737 19.92403 30.11602 42.07601
737 19.95503 30.14282 42.02904
730 19.9504 30.13679 42.04258
747 19.96966 30.18035 42.00872
762 19.9426 30.14596 41.96819
751 19.93258 30.1172 41.94378
761 19.94448 30.09985 41.9441
746 19.94603 30.0868 41.85608
736 19.96241 30.05393 41.85767
753 19.96446 30.04277 41.87106
738 19.99285 29.98778 41.85946
755 20.00266 29.98198 41.86057
765 20.00123 29.97005 41.88093
773 19.97805 29.95224 41.89067
771 19.99822 29.98185 41.97551
772 20.01104 29.94588 41.94994
748 20.05359 29.9549 42.01241
753 20.04803 29.96338 41.99497
725 20.05758 30.00193 42.05329
743 20.06838 30.00769 42.03281
757 20.05613 29.98291 42.08338
767 20.06633 29.9627 42.093
756 20.05548 29.96525 42.0834
769 20.06059 30.03723 42.08913
757 20.0302 29.99576 42.06558
747 20.0451 29.98603 42.02987
735 20.03553 29.9831 41.95728
748 20.03854 30.00315 41.92598
748 20.0146 30.01253 41.99713
758 20.01762 30.0269 41.9223
764 20.02637 30.01375 41.93104
772 20.02723 30.03809 41.88975
768 19.99537 30.04635 41.92981
752 20.00948 30.05175 41.91333
752 20.03025 30.02947 41.85567
757 19.99306 30.00927 41.9346
751 20.01699 30.00429 41.90771
773 20.00846 30.00334 41.94426
756 20.02265 30.01758 41.96964
763 20.02255 30.01354 41.98802
767 20.02147 30.0169 41.90356
756 20.02137 30.0259 41.94566
773 20.03259 30.03558 41.91404
743 20.04738 30.04753 41.89325
751 20.0433 30.02521 41.86528
751 20.04279 30.02288 41.89779
762 20.02485 30.0649 41.92912
771 20.04426 30.0521 41.96873
774 20.03823 30.03708 41.90656
760 20.03331 30.03916 41.90711
771 20.02327 30.0491 41.98415
767 20.0071 30.06451 41.93581
749 19.98172 30.05254 41.97936
766 19.98286 30.03553 42.01129
755 19.95398 29.98194 42.05643
766 19.94132 29.93379 42.05639
778 19.92265 29.91986 42.06939
769 19.91081 29.91187 42.11695
773 19.90517 29.90064 42.08625
766 19.89111 29.90581 42.09774
753 19.91377 29.90331 42.14318
759 19.92212 29.89821 42.08191
750 19.91768 29.85541 42.08717
759 19.91343 29.89094 42.09694
778 19.90555 29.90272 42.05616
776 19.9328 29.92342 42.06179
773 19.95298 29.90205 42.00982
772 19.96103 29.94586 41.96721
771 19.98152 29.99923 41.98191
773 20.00268 29.99833 41.99934
758 20.00447 29.98579 41.97998
768 20.00886 29.98148 41.97739
776 20.00219 30.00382 42.03384
764 19.97736 30.04015 42.05887
778 19.97515 30.03967 42.06789
777 19.99087 30.05263 42.04658
773 20.00501 30.04877 42.02772
761 19.97753 30.01516 42.0274
758 19.96601 30.00219 42.09501
769 19.95327 30.05209 42.08794
761 19.94833 30.02262 42.10223
766 19.984 30.05172 42.0447
782 19.96922 30.01587 42.02703
784 19.96777 30.00735 42.01508
773 19.97625 30.02964 41.89879
763 19.96175 30.04489 41.93131
764 19.97875 30.03439 41.93213
775 20.0127 29.99143 41.98854
764 20.01347 29.99181 41.94113
773 20.02031 29.97366 41.97485
785 20.02253 30.00344 41.95588
784 20.05754 29.9553 41.90356
775 20.05885 29.94396 41.92305
774 20.02308 29.93875 41.93596
765 20.02148 29.94608 41.97925
759 19.99602 29.97249 42.01146
782 20.01673 29.92294 42.0513
776 20.02211 29.9072 42.01828
